1.000000000000000056e-01 -1.530577018855840166e+01
1.098098098098098108e-01 -1.467117037735884466e+01
1.196196196196196299e-01 -1.409258451250637378e+01
1.294294294294294212e-01 -1.356117228365762983e+01
1.392392392392392542e-01 -1.307003398510458680e+01
1.490490490490490594e-01 -1.261368104378982125e+01
1.588588588588588646e-01 -1.218767564928960745e+01
1.686686686686686976e-01 -1.178837854981009414e+01
1.784784784784784750e-01 -1.141276825121270200e+01
1.882882882882883080e-01 -1.105830865518197292e+01
1.980980980980981132e-01 -1.072285035234498274e+01
2.079079079079079184e-01 -1.040455579665071184e+01
2.177177177177177236e-01 -1.010184174642179045e+01
2.275275275275275289e-01 -9.813334400948724223e+00
2.373373373373373618e-01 -9.537834013873789374e+00
2.471471471471471670e-01 -9.274286678210854618e+00
2.569569569569569722e-01 -9.021761606601707228e+00
2.667667667667668052e-01 -8.779432670493726221e+00
2.765765765765765827e-01 -8.546563274732605464e+00
2.863863863863864156e-01 -8.322493869566827129e+00
2.961961961961961931e-01 -8.106631566749209483e+00
3.060060060060060261e-01 -7.898441448145494093e+00
3.158158158158158590e-01 -7.697439246233317434e+00
3.256256256256256365e-01 -7.503185144569374465e+00
3.354354354354354140e-01 -7.315278498674739893e+00
3.452452452452452469e-01 -7.133353318075371874e+00
3.550550550550550799e-01 -6.957074381486394898e+00
3.648648648648649129e-01 -6.786133881562625980e+00
3.746746746746747458e-01 -6.620248514882858260e+00
3.844844844844844678e-01 -6.459156948099204598e+00
3.942942942942943008e-01 -6.302617603368760868e+00
4.041041041041041337e-01 -6.150406715973928407e+00
4.139139139139139667e-01 -6.002316624947572343e+00
4.237237237237237997e-01 -5.858154263946317108e+00
4.335335335335335216e-01 -5.717739824865059717e+00
4.433433433433433546e-01 -5.580905570995486897e+00
4.531531531531531876e-01 -5.447494780086334920e+00
4.629629629629630205e-01 -5.317360800608643245e+00
4.727727727727728535e-01 -5.190366206980680630e+00
4.825825825825825754e-01 -5.066382041555638871e+00
4.923923923923924084e-01 -4.945287132893774640e+00
5.022022022022022414e-01 -4.826967481288020778e+00
5.120120120120120744e-01 -4.711315703735230898e+00
5.218218218218219073e-01 -4.598230531582806258e+00
5.316316316316316293e-01 -4.487616354963222420e+00
5.414414414414414622e-01 -4.379382808882699152e+00
5.512512512512512952e-01 -4.273444396475656326e+00
5.610610610610611282e-01 -4.169720145490884100e+00
5.708708708708708501e-01 -4.068133294552768398e+00
5.806806806806806831e-01 -3.968611006153281551e+00
5.904904904904905161e-01 -3.871084103687491229e+00
6.003003003003003490e-01 -3.775486830155307949e+00
6.101101101101100710e-01 -3.681756626422017398e+00
6.199199199199199040e-01 -3.589833927165442695e+00
6.297297297297297369e-01 -3.499661972843431279e+00
6.395395395395395699e-01 -3.411186636195607136e+00
6.493493493493494029e-01 -3.324356261951786351e+00
6.591591591591591248e-01 -3.239121518558751411e+00
6.689689689689689578e-01 -3.155435260860014690e+00
6.787787787787787908e-01 -3.073252402771773362e+00
6.885885885885886237e-01 -2.992529799094354459e+00
6.983983983983984567e-01 -2.913226135683705920e+00
7.082082082082081786e-01 -2.835301827283217335e+00
7.180180180180180116e-01 -2.758718922383497585e+00
7.278278278278278446e-01 -2.683441014537892855e+00
7.376376376376376776e-01 -2.609433159615059061e+00
7.474474474474475105e-01 -2.536661798517969135e+00
7.572572572572572325e-01 -2.465094684941636416e+00
7.670670670670670654e-01 -2.394700817780390789e+00
7.768768768768768984e-01 -2.325450377830190263e+00
7.866866866866867314e-01 -2.257314668462540030e+00
7.964964964964965644e-01 -2.190266059974713464e+00
8.063063063063062863e-01 -2.124277937346221279e+00
8.161161161161161193e-01 -2.059324651154375463e+00
8.259259259259259522e-01 -1.995381471422446706e+00
8.357357357357357852e-01 -1.932424544192644644e+00
8.455455455455456182e-01 -1.870430850633122200e+00
8.553553553553553401e-01 -1.809378168503610773e+00
8.651651651651651731e-01 -1.749245035818298710e+00
8.749749749749750061e-01 -1.690010716557305503e+00
8.847847847847848390e-01 -1.631655168289688485e+00
8.945945945945946720e-01 -1.574159011581530709e+00
9.044044044044043940e-01 -1.517503501072280159e+00
9.142142142142142269e-01 -1.461670498111351968e+00
9.240240240240240599e-01 -1.406642444855079166e+00
9.338338338338338929e-01 -1.352402339731457959e+00
9.436436436436437258e-01 -1.298933714186938371e+00
9.534534534534534478e-01 -1.246220610635688786e+00
9.632632632632632808e-01 -1.194247561537487456e+00
9.730730730730731137e-01 -1.142999569535619209e+00
9.828828828828829467e-01 -1.092462088590977931e+00
9.926926926926927797e-01 -1.042621006053009669e+00
1.002502502502502502e+00 -9.934626256122225385e-01
1.012312312312312335e+00 -9.449736510827493330e-01
1.022122122122122168e+00 -8.971411709669379064e-01
1.031931931931932001e+00 -8.499526437571389703e-01
1.041741741741741833e+00 -8.033958839328516621e-01
1.051551551551551666e+00 -7.574590486141101753e-01
1.061361361361361499e+00 -7.121306248345555812e-01
1.071171171171171332e+00 -6.673994173999810986e-01
1.080980980980981165e+00 -6.232545373003226530e-01
1.090790790790790776e+00 -5.796853906451036043e-01
1.100600600600600831e+00 -5.366816680941957074e-01
1.110410410410410664e+00 -4.942333347575516012e-01
1.120220220220220275e+00 -4.523306205391250945e-01
1.130030030030030108e+00 -4.109640109017624887e-01
1.139839839839839941e+00 -3.701242380312383951e-01
1.149649649649649774e+00 -3.298022723788862631e-01
1.159459459459459607e+00 -2.899893145635474845e-01
1.169269269269269440e+00 -2.506767876146596130e-01
1.179079079079079273e+00 -2.118563295393882662e-01
1.188888888888889106e+00 -1.735197861976964795e-01
1.198698698698698939e+00 -1.356592044701576683e-01
1.208508508508508772e+00 -9.826682570420564033e-02
1.218318318318318383e+00 -6.133507942531224444e-02
1.228128128128128216e+00 -2.485657730033885571e-02
1.237937937937938049e+00 1.117589265896246076e-02
1.247747747747747882e+00 4.676937166368944077e-02
1.257557557557557715e+00 8.193073549750673479e-02
1.267367367367367548e+00 1.166666996585137284e-01
1.277177177177177381e+00 1.509838243028713833e-01
1.286986986986987214e+00 1.848885189992959255e-01
1.296796796796797047e+00 2.183870473030338211e-01
1.306606606606606880e+00 2.514855311574812902e-01
1.316416416416416491e+00 2.841899551311812822e-01
1.326226226226226323e+00 3.165061704975409285e-01
1.336036036036036156e+00 3.484398991642025933e-01
1.345845845845845989e+00 3.799967374586987745e-01
1.355655655655655822e+00 4.111821597766245340e-01
1.365465465465465655e+00 4.420015220982960180e-01
1.375275275275275488e+00 4.724600653795261174e-01
1.385085085085085321e+00 5.025629188219071786e-01
1.394894894894895154e+00 5.323151030276789264e-01
1.404704704704704765e+00 5.617215330440550325e-01
1.414514514514514598e+00 5.907870213016184202e-01
1.424324324324324431e+00 6.195162804511622490e-01
1.434134134134134264e+00 6.479139261031874319e-01
1.443943943943944097e+00 6.759844794740135221e-01
1.453753753753753930e+00 7.037323699423136958e-01
1.463563563563563763e+00 7.311619375196762860e-01
1.473373373373373596e+00 7.582774352386438821e-01
1.483183183183183429e+00 7.850830314615198091e-01
1.492992992992993262e+00 8.115828121130679307e-01
1.502802802802802873e+00 8.377807828401042656e-01
1.512612612612612706e+00 8.636808711008274742e-01
1.522422422422422539e+00 8.892869281866193631e-01
1.532232232232232372e+00 9.146027311789124425e-01
1.542042042042042205e+00 9.396319848436176514e-01
1.551851851851852038e+00 9.643783234654805803e-01
1.561661661661661871e+00 9.888453126246443681e-01
1.571471471471471704e+00 1.013036450917584208e+00
1.581281281281281537e+00 1.036955171624494465e+00
1.591091091091091370e+00 1.060604844325121032e+00
1.600900900900900981e+00 1.083988776464918313e+00
1.610710710710710813e+00 1.107110214873392895e+00
1.620520520520520646e+00 1.129972347236320562e+00
1.630330330330330479e+00 1.152578303523558834e+00
1.640140140140140312e+00 1.174931157374024426e+00
1.649949949949950145e+00 1.197033927439369982e+00
1.659759759759759978e+00 1.218889578687845976e+00
1.669569569569569811e+00 1.240501023669728475e+00
1.679379379379379644e+00 1.261871123745691214e+00
1.689189189189189477e+00 1.283002690279405389e+00
1.698998998998999088e+00 1.303898485795597750e+00
1.708808808808808921e+00 1.324561225104783801e+00
1.718618618618618754e+00 1.344993576395803636e+00
1.728428428428428587e+00 1.365198162297265760e+00
1.738238238238238420e+00 1.385177560908953165e+00
1.748048048048048253e+00 1.404934306804212607e+00
1.757857857857858086e+00 1.424470892004289002e+00
1.767667667667667919e+00 1.443789766925547280e+00
1.777477477477477752e+00 1.462893341300495198e+00
1.787287287287287585e+00 1.481783985073443333e+00
1.797097097097097196e+00 1.500464029271665556e+00
1.806906906906907029e+00 1.518935766852843816e+00
1.816716716716716862e+00 1.537201453529561501e+00
1.826526526526526695e+00 1.555263308571610548e+00
1.836336336336336528e+00 1.573123515586802412e+00
1.846146146146146361e+00 1.590784223280978793e+00
1.855955955955956194e+00 1.608247546197883793e+00
1.865765765765766027e+00 1.625515565439538790e+00
1.875575575575575860e+00 1.642590329367720869e+00
1.885385385385385693e+00 1.659473854287152772e+00
1.895195195195195303e+00 1.676168125110955920e+00
1.905005005005005136e+00 1.692675096008934510e+00
1.914814814814814969e+00 1.708996691039203597e+00
1.924624624624624802e+00 1.725134804763682084e+00
1.934434434434434635e+00 1.741091302847940003e+00
1.944244244244244468e+00 1.756868022645869498e+00
1.954054054054054301e+00 1.772466773769653781e+00
1.963863863863864134e+00 1.787889338645450632e+00
1.973673673673673967e+00 1.803137473055241191e+00
1.983483483483483578e+00 1.818212906665244599e+00
1.993293293293293411e+00 1.833117343541298627e+00
2.003103103103103244e+00 1.847852462651580208e+00
2.012912912912912855e+00 1.862419918357062443e+00
2.022722722722722910e+00 1.876821340890031387e+00
2.032532532532532521e+00 1.891058336821044072e+00
2.042342342342342576e+00 1.905132489514631544e+00
2.052152152152152187e+00 1.919045359574089282e+00
2.061961961961962242e+00 1.932798485275667666e+00
2.071771771771771853e+00 1.946393382992441801e+00
2.081581581581581464e+00 1.959831547608191116e+00
2.091391391391391519e+00 1.973114452921532092e+00
2.101201201201201574e+00 1.986243552040602545e+00
2.111011011011011185e+00 1.999220277768559484e+00
2.120820820820821240e+00 2.012046042980123239e+00
2.130630630630630851e+00 2.024722240989452970e+00
2.140440440440440462e+00 2.037250245909560498e+00
2.150250250250250517e+00 2.049631413003511149e+00
2.160060060060060128e+00 2.061867079027631888e+00
2.169869869869870183e+00 2.073958562566938113e+00
2.179679679679679793e+00 2.085907164363002941e+00
2.189489489489489848e+00 2.097714167634461724e+00
2.199299299299299459e+00 2.109380838390350732e+00
2.209109109109109514e+00 2.120908425736478087e+00
2.218918918918919125e+00 2.132298162174998346e+00
2.228728728728728736e+00 2.143551263897393255e+00
2.238538538538538791e+00 2.154668931071004323e+00
2.248348348348348402e+00 2.165652348119309067e+00
2.258158158158158457e+00 2.176502683996099030e+00
2.267967967967968068e+00 2.187221092453702553e+00
2.277777777777778123e+00 2.197808712305434398e+00
2.287587587587587734e+00 2.208266667682394768e+00
2.297397397397397789e+00 2.218596068284779399e+00
2.307207207207207400e+00 2.228798009627837473e+00
2.317017017017017455e+00 2.238873573282599949e+00
2.326826826826827066e+00 2.248823827111539941e+00
2.336636636636636677e+00 2.258649825499261965e+00
2.346446446446446732e+00 2.268352609578369261e+00
2.356256256256256343e+00 2.277933207450606901e+00
2.366066066066066398e+00 2.287392634403420999e+00
2.375875875875876009e+00 2.296731893122040624e+00
2.385685685685686064e+00 2.305951973897175655e+00
2.395495495495495675e+00 2.315053854828468261e+00
2.405305305305305730e+00 2.324038502023783259e+00
2.415115115115115341e+00 2.332906869794428850e+00
2.424924924924924952e+00 2.341659900846451592e+00
2.434734734734735007e+00 2.350298526468028726e+00
2.444544544544544618e+00 2.358823666713133704e+00
2.454354354354354673e+00 2.367236230581495349e+00
2.464164164164164283e+00 2.375537116194974985e+00
2.473973973973974338e+00 2.383727210970452148e+00
2.483783783783783949e+00 2.391807391789268600e+00
2.493593593593594004e+00 2.399778525163353216e+00
2.503403403403403615e+00 2.407641467398067725e+00
2.513213213213213670e+00 2.415397064751882539e+00
2.523023023023023281e+00 2.423046153592930629e+00
2.532832832832832892e+00 2.430589560552535389e+00
2.542642642642642947e+00 2.438028102675759534e+00
2.552452452452452558e+00 2.445362587569062995e+00
2.562262262262262613e+00 2.452593813545127510e+00
2.572072072072072224e+00 2.459722569764910993e+00
2.581881881881882279e+00 2.466749636377003618e+00
2.591691691691691890e+00 2.473675784654332688e+00
2.601501501501501945e+00 2.480501777128298890e+00
2.611311311311311556e+00 2.487228367720370592e+00
2.621121121121121167e+00 2.493856301871225867e+00
2.630930930930931222e+00 2.500386316667480457e+00
2.640740740740740833e+00 2.506819140966043413e+00
2.650550550550550888e+00 2.513155495516189220e+00
2.660360360360360499e+00 2.519396093079353527e+00
2.670170170170170554e+00 2.525541638546745737e+00
2.679979979979980165e+00 2.531592829054782001e+00
2.689789789789790220e+00 2.537550354098428329e+00
2.699599599599599831e+00 2.543414895642472473e+00
2.709409409409409442e+00 2.549187128230776089e+00
2.719219219219219497e+00 2.554867719093560474e+00
2.729029029029029108e+00 2.560457328252748965e+00
2.738838838838839163e+00 2.565956608625426405e+00
2.748648648648648773e+00 2.571366206125459186e+00
2.758458458458458828e+00 2.576686759763277657e+00
2.768268268268268439e+00 2.581918901743914141e+00
2.778078078078078494e+00 2.587063257563303686e+00
2.787887887887888105e+00 2.592120446102863518e+00
2.797697697697698160e+00 2.597091079722440021e+00
2.807507507507507771e+00 2.601975764351615261e+00
2.817317317317317382e+00 2.606775099579425437e+00
2.827127127127127437e+00 2.611489678742516141e+00
2.836936936936937048e+00 2.616120089011771732e+00
2.846746746746747103e+00 2.620666911477454342e+00
2.856556556556556714e+00 2.625130721232872055e+00
2.866366366366366769e+00 2.629512087456612690e+00
2.876176176176176380e+00 2.633811573493383129e+00
2.885985985985986435e+00 2.638029736933455993e+00
2.895795795795796046e+00 2.642167129690791150e+00
2.905605605605605657e+00 2.646224298079801862e+00
2.915415415415415712e+00 2.650201782890869495e+00
2.925225225225225323e+00 2.654100119464554375e+00
2.935035035035035378e+00 2.657919837764575632e+00
2.944844844844844989e+00 2.661661462449591120e+00
2.954654654654655044e+00 2.665325512943754305e+00
2.964464464464464655e+00 2.668912503506124523e+00
2.974274274274274710e+00 2.672422943298917275e+00
2.984084084084084321e+00 2.675857336454638968e+00
2.993893893893894376e+00 2.679216182142116764e+00
3.003703703703703987e+00 2.682499974631442186e+00
3.013513513513513598e+00 2.685709203357873776e+00
3.023323323323323653e+00 2.688844352984681052e+00
3.033133133133133263e+00 2.691905903464983041e+00
3.042942942942943318e+00 2.694894330102586721e+00
3.052752752752752929e+00 2.697810103611830712e+00
3.062562562562562984e+00 2.700653690176507915e+00
3.072372372372372595e+00 2.703425551507795177e+00
3.082182182182182650e+00 2.706126144901300101e+00
3.091991991991992261e+00 2.708755923293185930e+00
3.101801801801801872e+00 2.711315335315397590e+00
3.111611611611611927e+00 2.713804825350039529e+00
3.121421421421421538e+00 2.716224833582881359e+00
3.131231231231231593e+00 2.718575796056014404e+00
3.141041041041041204e+00 2.720858144719716876e+00
3.150850850850851259e+00 2.723072307483477950e+00
3.160660660660660870e+00 2.725218708266242906e+00
3.170470470470470925e+00 2.727297767045890886e+00
3.180280280280280536e+00 2.729309899907916837e+00
3.190090090090090591e+00 2.731255519093396700e+00
3.199899899899900202e+00 2.733135033046203866e+00
3.209709709709709813e+00 2.734948846459489324e+00
3.219519519519519868e+00 2.736697360321477923e+00
3.229329329329329479e+00 2.738380971960549637e+00
3.239139139139139534e+00 2.740000075089643161e+00
3.248948948948949145e+00 2.741555059849987153e+00
3.258758758758759200e+00 2.743046312854174218e+00
3.268568568568568811e+00 2.744474217228582980e+00
3.278378378378378866e+00 2.745839152655173976e+00
3.288188188188188477e+00 2.747141495412643408e+00
3.297997997997998088e+00 2.748381618416996908e+00
3.307807807807808143e+00 2.749559891261466049e+00
3.317617617617617753e+00 2.750676680255900841e+00
3.327427427427427808e+00 2.751732348465523614e+00
3.337237237237237419e+00 2.752727255749146451e+00
3.347047047047047474e+00 2.753661758796818404e+00
3.356856856856857085e+00 2.754536211166907833e+00
3.366666666666667140e+00 2.755350963322671376e+00
3.376476476476476751e+00 2.756106362668264254e+00
3.386286286286286362e+00 2.756802753584251420e+00
3.396096096096096417e+00 2.757440477462578698e+00
3.405905905905906028e+00 2.758019872741066081e+00
3.415715715715716083e+00 2.758541274937392984e+00
3.425525525525525694e+00 2.759005016682584355e+00
3.435335335335335749e+00 2.759411427754046464e+00
3.445145145145145360e+00 2.759760835108101773e+00
3.454954954954955415e+00 2.760053562912081482e+00
3.464764764764765026e+00 2.760289932575959782e+00
3.474574574574575081e+00 2.760470262783523587e+00
3.484384384384384692e+00 2.760594869523132822e+00
3.494194194194194303e+00 2.760664066118023285e+00
3.504004004004004358e+00 2.760678163256197415e+00
3.513813813813813969e+00 2.760637469019890489e+00
3.523623623623624024e+00 2.760542288914629161e+00
3.533433433433433635e+00 2.760392925897888539e+00
3.543243243243243690e+00 2.760189680407351354e+00
3.553053053053053301e+00 2.759932850388763903e+00
3.562862862862863356e+00 2.759622731323436717e+00
3.572672672672672967e+00 2.759259616255332226e+00
3.582482482482482578e+00 2.758843795817804256e+00
3.592292292292292633e+00 2.758375558259968052e+00
3.602102102102102243e+00 2.757855189472706137e+00
3.611911911911912298e+00 2.757282973014322458e+00
3.621721721721721909e+00 2.756659190135846593e+00
3.631531531531531964e+00 2.755984119806004884e+00
3.641341341341341575e+00 2.755258038735843407e+00
3.651151151151151630e+00 2.754481221403016988e+00
3.660960960960961241e+00 2.753653940075774464e+00
3.670770770770771296e+00 2.752776464836598436e+00
3.680580580580580907e+00 2.751849063605538603e+00
3.690390390390390518e+00 2.750872002163244012e+00
3.700200200200200573e+00 2.749845544173668443e+00
3.710010010010010184e+00 2.748769951206495143e+00
3.719819819819820239e+00 2.747645482759255131e+00
3.729629629629629850e+00 2.746472396279163064e+00
3.739439439439439905e+00 2.745250947184652901e+00
3.749249249249249516e+00 2.743981388886640005e+00
3.759059059059059571e+00 2.742663972809506134e+00
3.768868868868869182e+00 2.741298948411809988e+00
3.778678678678678793e+00 2.739886563206722414e+00
3.788488488488488848e+00 2.738427062782211152e+00
3.798298298298298459e+00 2.736920690820943136e+00
3.808108108108108514e+00 2.735367689119957646e+00
3.817917917917918125e+00 2.733768297610053466e+00
3.827727727727728180e+00 2.732122754374958440e+00
3.837537537537537791e+00 2.730431295670237901e+00
3.847347347347347846e+00 2.728694155941957966e+00
3.857157157157157457e+00 2.726911567845122342e+00
3.866966966966967068e+00 2.725083762261869325e+00
3.876776776776777123e+00 2.723210968319437875e+00
3.886586586586586733e+00 2.721293413407908091e+00
3.896396396396396788e+00 2.719331323197715200e+00
3.906206206206206399e+00 2.717324921656952164e+00
3.916016016016016454e+00 2.715274431068439576e+00
3.925825825825826065e+00 2.713180072046603719e+00
3.935635635635636120e+00 2.711042063554118364e+00
3.945445445445445731e+00 2.708860622918362715e+00
3.955255255255255786e+00 2.706635965847652869e+00
3.965065065065065397e+00 2.704368306447308079e+00
3.974874874874875008e+00 2.702057857235462102e+00
3.984684684684685063e+00 2.699704829158743102e+00
3.994494494494494674e+00 2.697309431607709307e+00
4.004304304304304729e+00 2.694871872432123894e+00
4.014114114114113896e+00 2.692392357956038040e+00
4.023923923923923951e+00 2.689871092992680346e+00
4.033733733733734006e+00 2.687308280859175724e+00
4.043543543543544061e+00 2.684704123391080444e+00
4.053353353353353228e+00 2.682058820956747525e+00
4.063163163163163283e+00 2.679372572471498515e+00
4.072972972972973338e+00 2.676645575411660261e+00
4.082782782782782505e+00 2.673878025828388516e+00
4.092592592592592560e+00 2.671070118361368984e+00
4.102402402402402615e+00 2.668222046252319402e+00
4.112212212212211782e+00 2.665334001358356630e+00
4.122022022022021837e+00 2.662406174165180772e+00
4.131831831831831892e+00 2.659438753800126065e+00
4.141641641641641947e+00 2.656431928045041246e+00
4.151451451451451113e+00 2.653385883349018926e+00
4.161261261261261168e+00 2.650300804840982849e+00
4.171071071071071223e+00 2.647176876342122398e+00
4.180880880880880390e+00 2.644014280378170767e+00
4.190690690690690445e+00 2.640813198191564126e+00
4.200500500500500500e+00 2.637573809753430254e+00
4.210310310310310555e+00 2.634296293775465259e+00
4.220120120120119722e+00 2.630980827721637993e+00
4.229929929929929777e+00 2.627627587819793220e+00
4.239739739739739832e+00 2.624236749073109110e+00
4.249549549549549887e+00 2.620808485271398425e+00
4.259359359359359054e+00 2.617342969002315556e+00
4.269169169169169109e+00 2.613840371662423223e+00
4.278978978978979164e+00 2.610300863468108190e+00
4.288788788788788331e+00 2.606724613466404605e+00
4.298598598598598386e+00 2.603111789545687671e+00
4.308408408408408441e+00 2.599462558446218097e+00
4.318218218218218496e+00 2.595777085770599513e+00
4.328028028028027663e+00 2.592055535994107984e+00
4.337837837837837718e+00 2.588298072474893630e+00
4.347647647647647773e+00 2.584504857464073879e+00
4.357457457457456940e+00 2.580676052115716601e+00
4.367267267267266995e+00 2.576811816496714869e+00
4.377077077077077050e+00 2.572912309596532054e+00
4.386886886886887105e+00 2.568977689336852777e+00
4.396696696696696272e+00 2.565008112581130817e+00
4.406506506506506327e+00 2.561003735144016247e+00
4.416316316316316382e+00 2.556964711800679524e+00
4.426126126126126437e+00 2.552891196296053877e+00
4.435935935935935603e+00 2.548783341353944465e+00
4.445745745745745658e+00 2.544641298686048714e+00
4.455555555555555713e+00 2.540465219000893171e+00
4.465365365365364880e+00 2.536255252012653116e+00
4.475175175175174935e+00 2.532011546449872696e+00
4.484984984984984990e+00 2.527734250064099797e+00
4.494794794794795045e+00 2.523423509638442752e+00
4.504604604604604212e+00 2.519079470995992054e+00
4.514414414414414267e+00 2.514702279008181662e+00
4.524224224224224322e+00 2.510292077603056171e+00
4.534034034034034377e+00 2.505849009773442049e+00
4.543843843843843544e+00 2.501373217585033615e+00
4.553653653653653599e+00 2.496864842184383093e+00
4.563463463463463654e+00 2.492324023806826716e+00
4.573273273273272821e+00 2.487750901784298918e+00
4.583083083083082876e+00 2.483145614553071923e+00
4.592892892892892931e+00 2.478508299661440262e+00
4.602702702702702986e+00 2.473839093777266740e+00
4.612512512512512153e+00 2.469138132695512411e+00
4.622322322322322208e+00 2.464405551345619116e+00
4.632132132132132263e+00 2.459641483798883144e+00
4.641941941941941430e+00 2.454846063275700985e+00
4.651751751751751485e+00 2.450019422152744042e+00
4.661561561561561540e+00 2.445161691970099582e+00
4.671371371371371595e+00 2.440273003438267807e+00
4.681181181181180762e+00 2.435353486445151816e+00
4.690990990990990817e+00 2.430403270062930332e+00
4.700800800800800872e+00 2.425422482554882464e+00
4.710610610610610927e+00 2.420411251382123652e+00
4.720420420420420093e+00 2.415369703210288321e+00
4.730230230230230148e+00 2.410297963916141484e+00
4.740040040040040203e+00 2.405196158594094413e+00
4.749849849849849370e+00 2.400064411562693678e+00
4.759659659659659425e+00 2.394902846371024907e+00
4.769469469469469480e+00 2.389711585805033067e+00
4.779279279279279535e+00 2.384490751893808991e+00
4.789089089089088702e+00 2.379240465915795966e+00
4.798898898898898757e+00 2.373960848404923496e+00
4.808708708708708812e+00 2.368652019156703759e+00
4.818518518518518867e+00 2.363314097234237465e+00
4.828328328328328034e+00 2.357947200974180646e+00
4.838138138138138089e+00 2.352551447992638600e+00
4.847947947947948144e+00 2.347126955191001230e+00
4.857757757757757311e+00 2.341673838761733961e+00
4.867567567567567366e+00 2.336192214194085182e+00
4.877377377377377421e+00 2.330682196279751039e+00
4.887187187187187476e+00 2.325143899118495838e+00
4.896996996996996643e+00 2.319577436123680059e+00
4.906806806806806698e+00 2.313982920027768841e+00
4.916616616616616753e+00 2.308360462887778297e+00
4.926426426426426808e+00 2.302710176090638328e+00
4.936236236236235975e+00 2.297032170358546566e+00
4.946046046046046030e+00 2.291326555754231720e+00
4.955855855855856085e+00 2.285593441686195604e+00
4.965665665665665252e+00 2.279832936913875230e+00
4.975475475475475307e+00 2.274045149552765821e+00
4.985285285285285362e+00 2.268230187079510074e+00
4.995095095095095417e+00 2.262388156336902156e+00
5.004904904904904583e+00 2.256519163538873940e+00
5.014714714714714638e+00 2.250623314275420839e+00
5.024524524524524693e+00 2.244700713517469026e+00
5.034334334334333860e+00 2.238751465621721337e+00
5.044144144144143915e+00 2.232775674335417904e+00
5.053953953953953970e+00 2.226773442801103897e+00
5.063763763763764025e+00 2.220744873561283583e+00
5.073573573573573192e+00 2.214690068563092140e+00
5.083383383383383247e+00 2.208609129162892870e+00
5.093193193193193302e+00 2.202502156130819344e+00
5.103003003003003357e+00 2.196369249655294453e+00
5.112812812812812524e+00 2.190210509347510381e+00
5.122622622622622579e+00 2.184026034245837522e+00
5.132432432432432634e+00 2.177815922820212080e+00
5.142242242242241801e+00 2.171580272976488146e+00
5.152052052052051856e+00 2.165319182060727599e+00
5.161861861861861911e+00 2.159032746863463359e+00
5.171671671671671966e+00 2.152721063623912912e+00
5.181481481481481133e+00 2.146384228034172281e+00
5.191291291291291188e+00 2.140022335243337182e+00
5.201101101101101243e+00 2.133635479861608175e+00
5.210910910910911298e+00 2.127223755964369190e+00
5.220720720720720465e+00 2.120787257096187872e+00
5.230530530530530520e+00 2.114326076274810617e+00
5.240340340340340575e+00 2.107840305995116736e+00
5.250150150150149742e+00 2.101330038233024666e+00
5.259959959959959797e+00 2.094795364449364428e+00
5.269769769769769852e+00 2.088236375593721661e+00
5.279579579579579907e+00 2.081653162108239030e+00
5.289389389389389073e+00 2.075045813931383876e+00
5.299199199199199128e+00 2.068414420501678563e+00
5.309009009009009183e+00 2.061759070761405965e+00
5.318818818818818350e+00 2.055079853160270531e+00
5.328628628628628405e+00 2.048376855659022056e+00
5.338438438438438460e+00 2.041650165733061684e+00
5.348248248248248515e+00 2.034899870376007058e+00
5.358058058058057682e+00 2.028126056103220165e+00
5.367867867867867737e+00 2.021328808955294321e+00
5.377677677677677792e+00 2.014508214501555372e+00
5.387487487487487847e+00 2.007664357843456315e+00
5.397297297297297014e+00 2.000797323618009216e+00
5.407107107107107069e+00 1.993907196001154958e+00
5.416916916916917124e+00 1.986994058711097466e+00
5.426726726726726291e+00 1.980057995011616612e+00
5.436536536536536346e+00 1.973099087715365130e+00
5.446346346346346401e+00 1.966117419187106918e+00
5.456156156156156456e+00 1.959113071346948232e+00
5.465965965965965623e+00 1.952086125673526240e+00
5.475775775775775678e+00 1.945036663207186933e+00
5.485585585585585733e+00 1.937964764553113284e+00
5.495395395395395788e+00 1.930870509884433872e+00
5.505205205205204955e+00 1.923753978945315524e+00
5.515015015015015010e+00 1.916615251054013314e+00
5.524824824824825065e+00 1.909454405105885044e+00
5.534634634634634232e+00 1.902271519576419934e+00
5.544444444444444287e+00 1.895066672524185591e+00
5.554254254254254342e+00 1.887839941593794535e+00
5.564064064064064397e+00 1.880591404018806756e+00
5.573873873873873563e+00 1.873321136624657157e+00
5.583683683683683618e+00 1.866029215831490617e+00
5.593493493493493673e+00 1.858715717657030808e+00
5.603303303303303728e+00 1.851380717719395719e+00
5.613113113113112895e+00 1.844024291239890090e+00
5.622922922922922950e+00 1.836646513045774753e+00
5.632732732732733005e+00 1.829247457573025315e+00
5.642542542542542172e+00 1.821827198869046427e+00
5.652352352352352227e+00 1.814385810595373627e+00
5.662162162162162282e+00 1.806923366030339650e+00
5.671971971971972337e+00 1.799439938071760281e+00
5.681781781781781504e+00 1.791935599239520727e+00
5.691591591591591559e+00 1.784410421678217062e+00
5.701401401401401614e+00 1.776864477159724842e+00
5.711211211211210781e+00 1.769297837085765934e+00
5.721021021021020836e+00 1.761710572490448712e+00
5.730830830830830891e+00 1.754102754042795809e+00
5.740640640640640946e+00 1.746474452049229242e+00
5.750450450450450113e+00 1.738825736456051985e+00
5.760260260260260168e+00 1.731156676851899334e+00
5.770070070070070223e+00 1.723467342470186736e+00
5.779879879879880278e+00 1.715757802191509640e+00
5.789689689689689445e+00 1.708028124546034476e+00
5.799499499499499500e+00 1.700278377715891409e+00
5.809309309309309555e+00 1.692508629537503140e+00
5.819119119119118722e+00 1.684718947503929698e+00
5.828928928928928777e+00 1.676909398767188364e+00
5.838738738738738832e+00 1.669080050140532734e+00
5.848548548548548887e+00 1.661230968100738892e+00
5.858358358358358053e+00 1.653362218790354277e+00
5.868168168168168108e+00 1.645473868019939445e+00
5.877977977977978163e+00 1.637565981270284965e+00
5.887787787787788218e+00 1.629638623694605215e+00
5.897597597597597385e+00 1.621691860120732187e+00
5.907407407407407440e+00 1.613725755053263100e+00
5.917217217217217495e+00 1.605740372675715122e+00
5.927027027027026662e+00 1.597735776852658773e+00
5.936836836836836717e+00 1.589712031131806924e+00
5.946646646646646772e+00 1.581669198746135763e+00
5.956456456456456827e+00 1.573607342615927607e+00
5.966266266266265994e+00 1.565526525350865228e+00
5.976076076076076049e+00 1.557426809252039135e+00
5.985885885885886104e+00 1.549308256313988608e+00
5.995695695695695271e+00 1.541170928226716086e+00
6.005505505505505326e+00 1.533014886377664254e+00
6.015315315315315381e+00 1.524840191853694904e+00
6.025125125125125436e+00 1.516646905443062465e+00
6.034934934934934603e+00 1.508435087637330696e+00
6.044744744744744658e+00 1.500204798633321346e+00
6.054554554554554713e+00 1.491956098335021963e+00
6.064364364364364768e+00 1.483689046355477714e+00
6.074174174174173935e+00 1.475403702018674323e+00
6.083983983983983990e+00 1.467100124361399693e+00
6.093793793793794045e+00 1.458778372135107304e+00
6.103603603603603212e+00 1.450438503807738755e+00
6.113413413413413267e+00 1.442080577565544530e+00
6.123223223223223322e+00 1.433704651314906542e+00
6.133033033033033377e+00 1.425310782684116262e+00
6.142842842842842543e+00 1.416899029025152856e+00
6.152652652652652598e+00 1.408469447415448883e+00
6.162462462462462653e+00 1.400022094659645333e+00
6.172272272272272708e+00 1.391557027291323578e+00
6.182082082082081875e+00 1.383074301574719556e+00
6.191891891891891930e+00 1.374573973506445057e+00
6.201701701701701985e+00 1.366056098817173492e+00
6.211511511511511152e+00 1.357520732973320321e+00
6.221321321321321207e+00 1.348967931178725266e+00
6.231131131131131262e+00 1.340397748376288334e+00
6.240940940940941317e+00 1.331810239249612948e+00
6.250750750750750484e+00 1.323205458224663289e+00
6.260560560560560539e+00 1.314583459471338145e+00
6.270370370370370594e+00 1.305944296905103386e+00
6.280180180180180649e+00 1.297288024188574695e+00
6.289989989989989816e+00 1.288614694733100308e+00
6.299799799799799871e+00 1.279924361700318869e+00
6.309609609609609926e+00 1.271217078003715528e+00
6.319419419419419093e+00 1.262492896310174473e+00
6.329229229229229148e+00 1.253751869041492384e+00
6.339039039039039203e+00 1.244994048375913209e+00
6.348848848848849258e+00 1.236219486249623856e+00
6.358658658658658425e+00 1.227428234358249881e+00
6.368468468468468480e+00 1.218620344158344082e+00
6.378278278278278535e+00 1.209795866868851988e+00
6.388088088088087702e+00 1.200954853472582684e+00
6.397897897897897757e+00 1.192097354717644109e+00
6.407707707707707812e+00 1.183223421118889007e+00
6.417517517517517867e+00 1.174333102959348452e+00
6.427327327327327033e+00 1.165426450291636939e+00
6.437137137137137088e+00 1.156503512939362821e+00
6.446946946946947143e+00 1.147564340498520963e+00
6.456756756756757198e+00 1.138608982338887188e+00
6.466566566566566365e+00 1.129637487605378965e+00
6.476376376376376420e+00 1.120649905219416098e+00
6.486186186186186475e+00 1.111646283880297403e+00
6.495995995995995642e+00 1.102626672066520541e+00
6.505805805805805697e+00 1.093591118037112508e+00
6.515615615615615752e+00 1.084539669832979669e+00
6.525425425425425807e+00 1.075472375278188508e+00
6.535235235235234974e+00 1.066389281981289017e+00
6.545045045045045029e+00 1.057290437336600775e+00
6.554854854854855084e+00 1.048175888525495481e+00
6.564664664664665139e+00 1.039045682517672375e+00
6.574474474474474306e+00 1.029899866072419456e+00
6.584284284284284361e+00 1.020738485739878243e+00
6.594094094094094416e+00 1.011561587862276568e+00
6.603903903903903583e+00 1.002369218575172027e+00
6.613713713713713638e+00 9.931614238086794444e-01
6.623523523523523693e+00 9.839382492886823428e-01
6.633333333333333748e+00 9.746997405380515289e-01
6.643143143143142915e+00 9.654459428778423558e-01
6.652952952952952970e+00 9.561769014284742241e-01
6.662762762762763025e+00 9.468926611109296232e-01
6.672572572572572192e+00 9.375932666479194211e-01
6.682382382382382247e+00 9.282787625650517072e-01
6.692192192192192302e+00 9.189491931919810952e-01
6.702002002002002357e+00 9.096046026635651316e-01
6.711811811811811523e+00 9.002450349210029401e-01
6.721621621621621578e+00 8.908705337129578794e-01
6.731431431431431633e+00 8.814811425966908587e-01
6.741241241241241688e+00 8.720769049391723371e-01
6.751051051051050855e+00 8.626578639181872177e-01
6.760860860860860910e+00 8.532240625234326359e-01
6.770670670670670965e+00 8.437755435576121954e-01
6.780480480480480132e+00 8.343123496375230985e-01
6.790290290290290187e+00 8.248345231951166312e-01
6.800100100100100242e+00 8.153421064785799643e-01
6.809909909909910297e+00 8.058351415533895334e-01
6.819719719719719464e+00 7.963136703033661945e-01
6.829529529529529519e+00 7.867777344317126165e-01
6.839339339339339574e+00 7.772273754620595554e-01
6.849149149149149629e+00 7.676626347394890360e-01
6.858958958958958796e+00 7.580835534315539803e-01
6.868768768768768851e+00 7.484901725293120478e-01
6.878578578578578906e+00 7.388825328483026311e-01
6.888388388388388073e+00 7.292606750295718143e-01
6.898198198198198128e+00 7.196246395406546981e-01
6.908008008008008183e+00 7.099744666765666068e-01
6.917817817817818238e+00 7.003101965607783086e-01
6.927627627627627405e+00 6.906318691461912351e-01
6.937437437437437460e+00 6.809395242161002670e-01
6.947247247247247515e+00 6.712332013851565193e-01
6.957057057057057570e+00 6.615129401003141396e-01
6.966866866866866737e+00 6.517787796417788826e-01
6.976676676676676792e+00 6.420307591239478029e-01
6.986486486486486847e+00 6.322689174963347369e-01
6.996296296296296013e+00 6.224932935445046667e-01
7.006106106106106068e+00 6.127039258909849906e-01
7.015915915915916123e+00 6.029008529961821239e-01
7.025725725725726178e+00 5.930841131592821114e-01
7.035535535535535345e+00 5.832537445191672276e-01
7.045345345345345400e+00 5.734097850552846154e-01
7.055155155155155455e+00 5.635522725885451223e-01
7.064964964964964622e+00 5.536812447822203609e-01
7.074774774774774677e+00 5.437967391427864783e-01
7.084584584584584732e+00 5.338987930208141108e-01
7.094394394394394787e+00 5.239874436118316936e-01
7.104204204204203954e+00 5.140627279571727826e-01
7.114014014014014009e+00 5.041246829448340350e-01
7.123823823823824064e+00 4.941733453103100970e-01
7.133633633633634119e+00 4.842087516374515843e-01
7.143443443443443286e+00 4.742309383592857586e-01
7.153253253253253341e+00 4.642399417588389809e-01
7.163063063063063396e+00 4.542357979699769288e-01
7.172872872872872563e+00 4.442185429782021799e-01
7.182682682682682618e+00 4.341882126214784421e-01
7.192492492492492673e+00 4.241448425910316899e-01
7.202302302302302728e+00 4.140884684321477494e-01
7.212112112112111895e+00 4.040191255449734342e-01
7.221921921921921950e+00 3.939368491852945908e-01
7.231731731731732005e+00 3.838416744653336821e-01
7.241541541541542060e+00 3.737336363545171736e-01
7.251351351351351227e+00 3.636127696802518017e-01
7.261161161161161282e+00 3.534791091286955123e-01
7.270970970970971337e+00 3.433326892455212942e-01
7.280780780780780503e+00 3.331735444366685783e-01
7.290590590590590558e+00 3.230017089690946364e-01
7.300400400400400613e+00 3.128172169715366380e-01
7.310210210210210668e+00 3.026201024352364044e-01
7.320020020020019835e+00 2.924103992146882547e-01
7.329829829829829890e+00 2.821881410283690883e-01
7.339639639639639945e+00 2.719533614594649151e-01
7.349449449449449112e+00 2.617060939565920563e-01
7.359259259259259167e+00 2.514463718345254506e-01
7.369069069069069222e+00 2.411742282748967625e-01
7.378878878878879277e+00 2.308896963269102542e-01
7.388688688688688444e+00 2.205928089080497756e-01
7.398498498498498499e+00 2.102835988047750959e-01
7.408308308308308554e+00 1.999620986732129069e-01
7.418118118118118609e+00 1.896283410398531544e-01
7.427927927927927776e+00 1.792823583022205014e-01
7.437737737737737831e+00 1.689241827295813181e-01
7.447547547547547886e+00 1.585538464635920519e-01
7.457357357357357053e+00 1.481713815189866779e-01
7.467167167167167108e+00 1.377768197842392794e-01
7.476976976976977163e+00 1.273701930222301826e-01
7.486786786786787218e+00 1.169515328708996549e-01
7.496596596596596385e+00 1.065208708439122631e-01
7.506406406406406440e+00 9.607823833128925628e-02
7.516216216216216495e+00 8.562366660007469932e-02
7.526026026026026550e+00 7.515718679496607990e-02
7.535835835835835717e+00 6.467882993894846777e-02
7.545645645645645772e+00 5.418862693393222685e-02
7.555455455455455827e+00 4.368660856139250370e-02
7.565265265265264993e+00 3.317280548297674159e-02
7.575075075075075048e+00 2.264724824112995805e-02
7.584884884884885103e+00 1.210996725972535160e-02
7.594694694694695158e+00 1.560992844661157619e-03
7.604504504504504325e+00 -8.999644815521179453e-03
7.614314314314314380e+00 -1.957191564904015024e-02
7.624124124124124435e+00 -3.015578970025956096e-02
7.633933933933933602e+00 -4.075123712910411200e-02
7.643743743743743657e+00 -5.135822821046254205e-02
7.653553553553553712e+00 -6.197673333358189041e-02
7.663363363363363767e+00 -7.260672300151860270e-02
7.673173173173172934e+00 -8.324816783051502966e-02
7.682982982982982989e+00 -9.390103854944342743e-02
7.692792792792793044e+00 -1.045653059992268652e-01
7.702602602602603099e+00 -1.152409411322761201e-01
7.712412412412412266e+00 -1.259279150119017032e-01
7.722222222222222321e+00 -1.366261988117667414e-01
7.732032032032032376e+00 -1.473357638153220961e-01
7.741841841841841543e+00 -1.580565814152556925e-01
7.751651651651651598e+00 -1.687886231129187564e-01
7.761461461461461653e+00 -1.795318605178053417e-01
7.771271271271271708e+00 -1.902862653469821197e-01
7.781081081081080875e+00 -2.010518094245519194e-01
7.790890890890890930e+00 -2.118284646811314786e-01
7.800700700700700985e+00 -2.226162031532812335e-01
7.810510510510511040e+00 -2.334149969830114912e-01
7.820320320320320207e+00 -2.442248184172104430e-01
7.830130130130130262e+00 -2.550456398071627717e-01
7.839939939939940317e+00 -2.658774336079972045e-01
7.849749749749749483e+00 -2.767201723781678169e-01
7.859559559559559538e+00 -2.875738287789655345e-01
7.869369369369369593e+00 -2.984383755739603572e-01
7.879179179179179648e+00 -3.093137856285341769e-01
7.888988988988988815e+00 -3.202000319093478709e-01
7.898798798798798870e+00 -3.310970874838492506e-01
7.908608608608608925e+00 -3.420049255197668003e-01
7.918418418418418980e+00 -3.529235192846140734e-01
7.928228228228228147e+00 -3.638528421452029704e-01
7.938038038038038202e+00 -3.747928675671445831e-01
7.947847847847848257e+00 -3.857435691143535905e-01
7.957657657657657424e+00 -3.967049204485828540e-01
7.967467467467467479e+00 -4.076768953289313657e-01
7.977277277277277534e+00 -4.186594676113521984e-01
7.987087087087087589e+00 -4.296526112481995341e-01
7.996896896896896756e+00 -4.406563002877437185e-01
8.006706706706706811e+00 -4.516705088737023033e-01
8.016516516516517754e+00 -4.626952112447639820e-01
8.026326326326326921e+00 -4.737303817341373957e-01
8.036136136136136088e+00 -4.847759947690875038e-01
8.045945945945947031e+00 -4.958320248704684019e-01
8.055755755755756198e+00 -5.068984466522774568e-01
8.065565565565565365e+00 -5.179752348211792423e-01
8.075375375375376308e+00 -5.290623641761005302e-01
8.085185185185185475e+00 -5.401598096077240285e-01
8.094994994994996418e+00 -5.512675460980940301e-01
8.104804804804805585e+00 -5.623855487201403491e-01
8.114614614614614752e+00 -5.735137926372679829e-01
8.124424424424423918e+00 -5.846522531028739422e-01
8.134234234234234862e+00 -5.958009054599724408e-01
8.144044044044044028e+00 -6.069597251407081728e-01
8.153853853853853195e+00 -6.181286876659708440e-01
8.163663663663664138e+00 -6.293077686449350949e-01
8.173473473473473305e+00 -6.404969437746572680e-01
8.183283283283284248e+00 -6.516961888396419766e-01
8.193093093093093415e+00 -6.629054797114264375e-01
8.202902902902902582e+00 -6.741247923481683557e-01
8.212712712712713525e+00 -6.853541027942373631e-01
8.222522522522522692e+00 -6.965933871797727051e-01
8.232332332332331859e+00 -7.078426217203119819e-01
8.242142142142142802e+00 -7.191017827163719289e-01
8.251951951951951969e+00 -7.303708465530256433e-01
8.261761761761761136e+00 -7.416497896995224437e-01
8.271571571571572079e+00 -7.529385887088864138e-01
8.281381381381381246e+00 -7.642372202175078399e-01
8.291191191191192189e+00 -7.755456609447577421e-01
8.301001001001001356e+00 -7.868638876925917458e-01
8.310810810810810523e+00 -7.981918773451628368e-01
8.320620620620621466e+00 -8.095296068684270097e-01
8.330430430430430633e+00 -8.208770533097613509e-01
8.340240240240239800e+00 -8.322341937975838988e-01
8.350050050050050743e+00 -8.436010055409770558e-01
8.359859859859859910e+00 -8.549774658292914609e-01
8.369669669669669076e+00 -8.663635520317818361e-01
8.379479479479480020e+00 -8.777592415972392814e-01
8.389289289289289187e+00 -8.891645120535915936e-01
8.399099099099100130e+00 -9.005793410075728644e-01
8.408908908908909297e+00 -9.120037061443202475e-01
8.418718718718718463e+00 -9.234375852270328977e-01
8.428528528528529407e+00 -9.348809560965918308e-01
8.438338338338338573e+00 -9.463337966712082050e-01
8.448148148148147740e+00 -9.577960849460556148e-01
8.457957957957958683e+00 -9.692677989929219251e-01
8.467767767767767850e+00 -9.807489169598451184e-01
8.477577577577577017e+00 -9.922394170707757866e-01
8.487387387387387960e+00 -1.003739277625207649e+00
8.497197197197197127e+00 -1.015248476997834715e+00
8.507007007007006294e+00 -1.026766993638208447e+00
8.516816816816817237e+00 -1.038294806070391374e+00
8.526626626626626404e+00 -1.049831892892601815e+00
8.536436436436437347e+00 -1.061378232776895914e+00
8.546246246246246514e+00 -1.072933804468810592e+00
8.556056056056055681e+00 -1.084498586787036700e+00
8.565865865865866624e+00 -1.096072558623067295e+00
8.575675675675675791e+00 -1.107655698940892108e+00
8.585485485485484958e+00 -1.119247986776628068e+00
8.595295295295295901e+00 -1.130849401238233298e+00
8.605105105105105068e+00 -1.142459921505142972e+00
8.614914914914914235e+00 -1.154079526827960223e+00
8.624724724724725178e+00 -1.165708196528139950e+00
8.634534534534534345e+00 -1.177345909997644213e+00
8.644344344344345288e+00 -1.188992646698640243e+00
8.654154154154154455e+00 -1.200648386163170045e+00
8.663963963963963621e+00 -1.212313107992851968e+00
8.673773773773774565e+00 -1.223986791858543199e+00
8.683583583583583732e+00 -1.235669417500041334e+00
8.693393393393392898e+00 -1.247360964725768184e+00
8.703203203203203842e+00 -1.259061413412460695e+00
8.713013013013013008e+00 -1.270770743504861855e+00
8.722822822822822175e+00 -1.282488935015418718e+00
8.732632632632633118e+00 -1.294215968023976870e+00
8.742442442442442285e+00 -1.305951822677467788e+00
8.752252252252253228e+00 -1.317696479189628178e+00
8.762062062062062395e+00 -1.329449917840676676e+00
8.771871871871871562e+00 -1.341212118977036738e+00
8.781681681681682505e+00 -1.352983063011027554e+00
8.791491491491491672e+00 -1.364762730420579828e+00
8.801301301301300839e+00 -1.376551101748933803e+00
8.811111111111111782e+00 -1.388348157604351485e+00
8.820920920920920949e+00 -1.400153878659835982e+00
8.830730730730730116e+00 -1.411968245652822418e+00
8.840540540540541059e+00 -1.423791239384911478e+00
8.850350350350350226e+00 -1.435622840721581639e+00
8.860160160160161169e+00 -1.447463030591901401e+00
8.869969969969970336e+00 -1.459311789988241514e+00
8.879779779779779503e+00 -1.471169099966015636e+00
8.889589589589590446e+00 -1.483034941643378346e+00
8.899399399399399613e+00 -1.494909296200969351e+00
8.909209209209208780e+00 -1.506792144881615059e+00
8.919019019019019723e+00 -1.518683468990076335e+00
8.928828828828828890e+00 -1.530583249892764286e+00
8.938638638638638056e+00 -1.542491469017473804e+00
8.948448448448449000e+00 -1.554408107853113563e+00
8.958258258258258167e+00 -1.566333147949446669e+00
8.968068068068069110e+00 -1.578266570916788680e+00
8.977877877877878277e+00 -1.590208358425790891e+00
8.987687687687687443e+00 -1.602158492207159668e+00
8.997497497497498387e+00 -1.614116954051379338e+00
9.007307307307307553e+00 -1.626083725808456393e+00
9.017117117117116720e+00 -1.638058789387677905e+00
9.026926926926927663e+00 -1.650042126757348626e+00
9.036736736736736830e+00 -1.662033719944496113e+00
9.046546546546545997e+00 -1.674033551034689538e+00
9.056356356356356940e+00 -1.686041602171712839e+00
9.066166166166166107e+00 -1.698057855557362217e+00
9.075975975975977050e+00 -1.710082293451165469e+00
9.085785785785786217e+00 -1.722114898170143960e+00
9.095595595595595384e+00 -1.734155652088581689e+00
9.105405405405406327e+00 -1.746204537637737531e+00
9.115215215215215494e+00 -1.758261537305632061e+00
9.125025025025024661e+00 -1.770326633636802427e+00
9.134834834834835604e+00 -1.782399809232046550e+00
9.144644644644644771e+00 -1.794481046748185094e+00
9.154454454454453938e+00 -1.806570328897826982e+00
9.164264264264264881e+00 -1.818667638449120716e+00
9.174074074074074048e+00 -1.830772958225519886e+00
9.183883883883883215e+00 -1.842886271105562912e+00
9.193693693693694158e+00 -1.855007560022610136e+00
9.203503503503503325e+00 -1.867136807964630663e+00
9.213313313313314268e+00 -1.879273997973967880e+00
9.223123123123123435e+00 -1.891419113147087216e+00
9.232932932932932601e+00 -1.903572136634373635e+00
9.242742742742743545e+00 -1.915733051639890050e+00
9.252552552552552712e+00 -1.927901841421146401e+00
9.262362362362361878e+00 -1.940078489288879382e+00
9.272172172172172822e+00 -1.952262978606828625e+00
9.281981981981981988e+00 -1.964455292791502217e+00
9.291791791791791155e+00 -1.976655415311956432e+00
9.301601601601602098e+00 -1.988863329689589676e+00
9.311411411411411265e+00 -2.001079019497900902e+00
9.321221221221222208e+00 -2.013302468362283548e+00
9.331031031031031375e+00 -2.025533659959798172e+00
9.340840840840840542e+00 -2.037772578018959280e+00
9.350650650650651485e+00 -2.050019206319532827e+00
9.360460460460460652e+00 -2.062273528692283975e+00
9.370270270270269819e+00 -2.074535529018810109e+00
9.380080080080080762e+00 -2.086805191231299261e+00
9.389889889889889929e+00 -2.099082499312309835e+00
9.399699699699699096e+00 -2.111367437294600080e+00
9.409509509509510039e+00 -2.123659989260879399e+00
9.419319319319319206e+00 -2.135960139343620057e+00
9.429129129129130149e+00 -2.148267871724833356e+00
9.438938938938939316e+00 -2.160583170635881345e+00
9.448748748748748483e+00 -2.172906020357277868e+00
9.458558558558559426e+00 -2.185236405218457634e+00
9.468368368368368593e+00 -2.197574309597584374e+00
9.478178178178177760e+00 -2.209919717921362547e+00
9.487987987987988703e+00 -2.222272614664827728e+00
9.497797797797797870e+00 -2.234632984351129892e+00
9.507607607607607036e+00 -2.247000811551362887e+00
9.517417417417417980e+00 -2.259376080884354820e+00
9.527227227227227146e+00 -2.271758777016465558e+00
9.537037037037038090e+00 -2.284148884661398426e+00
9.546846846846847257e+00 -2.296546388580001263e+00
9.556656656656656423e+00 -2.308951273580067465e+00
9.566466466466467367e+00 -2.321363524516165455e+00
9.576276276276276533e+00 -2.333783126289425525e+00
9.586086086086085700e+00 -2.346210063847347982e+00
9.595895895895896643e+00 -2.358644322183632625e+00
9.605705705705705810e+00 -2.371085886337965576e+00
9.615515515515514977e+00 -2.383534741395866519e+00
9.625325325325325920e+00 -2.395990872488447110e+00
9.635135135135135087e+00 -2.408454264792283084e+00
9.644944944944946030e+00 -2.420924903529193983e+00
9.654754754754755197e+00 -2.433402773966069077e+00
9.664564564564564364e+00 -2.445887861414682618e+00
9.674374374374375307e+00 -2.458380151231530419e+00
9.684184184184184474e+00 -2.470879628817595375e+00
9.693993993993993641e+00 -2.483386279618230219e+00
9.703803803803804584e+00 -2.495900089122955023e+00
9.713613613613613751e+00 -2.508421042865251138e+00
9.723423423423422918e+00 -2.520949126422426190e+00
9.733233233233233861e+00 -2.533484325415418681e+00
9.743043043043043028e+00 -2.546026625508606145e+00
9.752852852852853971e+00 -2.558576012409659484e+00
9.762662662662663138e+00 -2.571132471869347569e+00
9.772472472472472305e+00 -2.583695989681380922e+00
9.782282282282283248e+00 -2.596266551682223422e+00
9.792092092092092415e+00 -2.608844143750921774e+00
9.801901901901901581e+00 -2.621428751808959845e+00
9.811711711711712525e+00 -2.634020361820056166e+00
9.821521521521521692e+00 -2.646618959790007608e+00
9.831331331331330858e+00 -2.659224531766525956e+00
9.841141141141141802e+00 -2.671837063839070936e+00
9.850950950950950968e+00 -2.684456542138672575e+00
9.860760760760760135e+00 -2.697082952837781988e+00
9.870570570570571078e+00 -2.709716282150100852e+00
9.880380380380380245e+00 -2.722356516330396659e+00
9.890190190190191188e+00 -2.735003641674374819e+00
9.900000000000000355e+00 -2.747657644518490372e+00
